694
143
287
965
723
55
466
769
730
421
869
21
90
41
734
77
707
627
367
572
362
69
333
637
966
36
138
306
275
835
766
607
725
88
86
588
39
471
900
202
784
777
857
44
662
342
817
895
479
526
903
810
266
923
908
658
128
24
939
582
670
783
321
948
487
585
195
33
942
343
760
188
547
559
305
553
736
607
472
777
118
773
899
629
160
453
264
10
313
60
621
619
573
67
55
287
135
347
30
961
646
390
835
136
844
93
47
272
646
323
132
915
243
948
390
867
519
941
773
319
966
439
269
578
10
973
118
670
573
452
188
677
175
153
316
503
594
78
504
876
791
613
790
353
694
880
784
788
111
123
